0
0.014643785727450218
0.0051532671076767855
0.011337640848035995
0.016422503942768618
0.011691142526005569
0.014987647832994314
0.014768493310592462
0.05739815264047236
0.031232050142954028
0.00590820158534862
0.045672783295813396
0.015602057805647353
0.024102555829315715
0.007991678252843306
0.0031836627189668963
0.010777663134470747
0.0322040735793846
0.005581190461943003
0.014404452356272388
0.08604185290063729
0.03806178967313048
0.07964203092887943
0.014847367689710688
0.0012097737472831437
0.06482272873532949
0.026621233011199563
0.003939216801910558
0.019482826998910782
0.0550206205282063
0.04419980643289328
0.011379458747074522
0.026366156426711054
0.03600136388763837
0.09926080135776581
0.012235146036536087
0.016478433764940452
0.04007984831258993
0.02499253651285468
0.021701087338978572
0.038231846740983864
0.04499705006621726
0.004431170683887676
0.032853443812092306
0.022097241423403302
0.043051177989118526
0.034468739993281705
0.01454631836550044
0.028509756072112032
0.03828707464981064
0.029090907721820543
0.04332973792250022
0.11771447758225449
0.020262930940951624
0.04183075360279934
0.004117990507256997
0.03696286588888053
0.028048294834367635
0.02660560648699996
0.006931990956549754
0.006306144309283958
0.01994065539654
0.032846875837625626
0.036571950683556155
0.03629187765114237
0.10091526168027909
0.012976094280560966
0.04543139689084422
0.02766508605115005
0.010843981238298548
0.07180648667979378
0.043471522640507944
0.10382808077002857
0.007962833725181799
0.011908102209899345
0.0010002605841470881
0.020592827043699406
0.021411428906767612
0.03060097621715664
0.01546246198880395
0.0049467146091508344
0.034867742348334216
0.009532685857117027
0.05335576320223068
0.03209189775369013
0.01816224662291426
0.009167052097498731
0.017948474378348168
0.017301970663992965
0.01252509163246721
0.02399961597331794
-9.567575367726061e-05
0.05948292037467039
0.010731293158384583
0.03192235240173872
0.035028700004440166
0.01559303547746396
0.028447553929527913
0.008069172068118973
0.027630714578342853
0.03295841564850875
0.021213028200285675
0.0036057943263084037
0.01241714370134803
0.004895065049503463
0.0021948279852750537
0.08916409825663688
0.018247367309124803
0.018314141978432643
0.050685872536751594
0.012676526661160618
0.02977197101668934
0.004880723870163185
0.012428338785223106
0.024554736648843355
0.05856634882755025
0.04733820338576657
0.003742152080213652
0.03357499297187431
0.03793456749307722
0.027307814153355713
0.014534864613582034
0.05052263497654425
0.040586884442815656
0.00969502044161825
0.014819377555334997
0.05443328663172966
0.04278413585777308
0.03808376567881063
0.002624369422656558
0.026698608817373473
0.006269732761725336
0.028081140961366397
0.01647416458826844
0.03507686593412834
0.0064964575593515995
0.0058425483260719875
-8.834006044828598e-05
0.017869072232170498
0.013871621306920563
0.05814791196884053
0.022357302221911537
0.09133536234837439
0.04648001621465265
0.04094575577102179
0.003239706803056356
0.0037553168817823844
0.016093139473387467
0.005556700167191729
0.008343983331011695
0.011295429675126848
0.008512334325395188
0.017756071072388694
0.002879614453730695
0.034068536585363136
0.01361307573197567
0.01688930367703994
0.056777896970956684
0.028494770879281126
0.009914313364630322
0.011021332223318124
